500
100 999999999 3 999999998
914040527 100 1 2
1000000000 100 999999999 2
1000000000 999999999 2 47219043
3 999999999 2 1
4 1000000000 1 809590669
3 100 1 3
586838884 999999999 2 2
999999999 3 2 2
1000000000 100 1 1
999999999 999999999 1 999999998
1000000000 1000000000 432922762 516684653
3 999999999 2 2
1000000000 4 3 3
999999999 2 1 1
4 308024713 3 2
3 100 1 1
100 1000000000 99 999999999
1000000000 354487415 2 1
903145896 4 200741956 3
100 1000000000 2 1
999999999 2 999999998 1
999999999 4 37069733 2
207868204 1000000000 2 225202610
999999999 100 1 2
999999999 489345280 108542079 3
269564282 100 1 3
100 100 1 3
4 40276081 1 3
1000000000 100 75322340 3
100 3 99 2
100 100 99 2
100 999999999 99 3
1000000000 100 2 2
100 1000000000 3 3
999999999 100 2 1
4 1000000000 3 3
1000000000 999999999 2 3
998645846 2 2 1
100 100 1 1
4 1000000000 1 999999999
1000000000 1000000000 990110168 2
1000000000 100 3 2
3 1000000000 1 3
3 999999999 1 2
809198703 3 2 1
4 100 2 71
2 999999999 1 235322552
4 4 1 3
3 4 2 3
999999999 4 3 3
587962907 2 570433024 1
999999999 999999999 3 999999998
1000000000 999999999 3 1
1000000000 1000000000 1 4469475
3 999999999 1 419422452
100 1000000000 1 3
100 999999999 99 999999998
4 2 3 1
1000000000 100 2 99
999999999 1000000000 2 999999999
4 100 1 3
999999999 1000000000 999999998 1
2 2 1 1
100 100 70 2
999999999 4 999999998 1
4 999999999 2 3
100 4 99 2
100 305987626 2 48247012
999999999 153855548 3 2
4 4 2 2
1000000000 1000000000 2 3
100 3 98 2
100 3 3 1
1000000000 3 999999999 2
100 1000000000 3 875437474
1000000000 1000000000 2 1
999999999 999999999 1 2
999999999 1000000000 1 1
4 4 3 3
621335426 20082604 2 3
999999999 100 3 3
1000000000 100 2 1
3 3 2 1
4 100 3 1
2 3 1 2
1000000000 4 3 2
1000000000 999999999 999999999 3
4 1000000000 2 3
4 625855660 3 1
704993648 595827515 1 3
3 2 2 1
4 3 3 2
402854259 831040336 3 3
999999999 4 1 1
4 4 2 1
1000000000 4 3 1
100 999999999 2 2
2 1000000000 1 1
100 999999999 1 3
1000000000 999999999 999999999 2
4 999999999 1 999999998
3 4 2 2
999999999 1000000000 3 2
1000000000 889034323 2 585497466
1000000000 1000000000 1 3
999999999 999999999 3 97982365
999999999 2 2 1
4 1000000000 2 374349453
4 999999999 2 1
100 4 84 3
999999999 553819129 274277625 13275303
100 1000000000 3 1
100 999999999 3 2
2 100 1 2
100 100 3 1
999999999 999999999 2 3
1000000000 4 2 2
999999999 999999999 2 999999998
205684158 100 1 3
100 1000000000 99 1
770491971 1000000000 3 1
100 1000000000 99 2
100 999999999 1 1
671771882 1000000000 458242975 1
100 1000000000 3 2
1000000000 999999999 1 1
3 929445484 2 1
779009402 100 3 3
999999999 3 976671636 2
1000000000 999999999 1 2
3 999999999 1 999999998
4 999999999 1 2
1000000000 935367125 2 688653704
999999999 1000000000 2 3
4 1000000000 1 2
1000000000 100 872721048 64
2 999999999 1 2
3 4 2 1
3 3 1 2
2 999999999 1 999999998
688697997 456509775 2 1
404696558 1000000000 344580310 355699065
4 198068727 2 2
999999999 100 3 89
1000000000 999999999 90055928 1
999999999 100 1 3
499812538 999999999 1 1
1000000000 2 3 1
100 999999999 99 2
3 1000000000 1 1
100 100 2 2
3 100 2 1
999999999 1000000000 2 2
100 100 3 99
4 4 3 2
1000000000 3 198570665 2
4 999999999 3 999999998
820459816 1000000000 228363612 2
3 999999999 1 3
3 1000000000 2 3
1000000000 4 2 3
999999999 1000000000 3 1
100 100 99 1
1000000000 1000000000 1 999999999
1000000000 999999999 2 1
999999999 1000000000 3 999999999
100 1000000000 1 1
3 1000000000 1 2
100 3 1 1
999999999 1000000000 999999998 2
999999999 878891013 1 3
4 1000000000 2 2
100 4 1 3
4 413460114 3 2
1000000000 3 1 2
999999999 4 2 1
2 1000000000 1 621800414
4 3 3 1
999999999 100 2 99
803061495 4 3 3
100 999999999 1 999999998
4 999999999 3 2
999999999 4 2 3
100 4 2 3
804684832 197217720 1 153175513
3 637320062 1 460765579
999999999 1000000000 999999998 3
3 999999999 2 999999998
1000000000 100 2 3
100 999999999 99 1
100 999999999 1 913663288
1000000000 999999999 3 3
1000000000 100 3 99
999999999 3 132294377 2
904027769 100 278679397 3
100 999999999 3 607160337
4 1000000000 1 3
1000000000 100 1 99
999999999 4 999999998 2
1000000000 4 999999999 2
999999999 3 1 1
569981406 4 2 2
1000000000 1000000000 244626410 3
999999999 234259462 1 104118482
1000000000 3 2 1
100 4 1 2
4 1000000000 3 999999999
100 100 3 2
100 100 3 48
999999999 100 3 2
1000000000 100 999999999 1
4 3 2 1
4 4 1 1
100 2 2 1
1000000000 1000000000 3 1
100 1000000000 2 2
2 4 1 1
163708539 999999999 3 3
100 3 2 1
3 100 1 99
1000000000 527180352 2 1
4 292678792 1 2
4 999999999 1 1
999999999 100 999999998 1
100 4 99 1
1000000000 760355100 2 1
100 492122489 3 2
1000000000 1000000000 3 999999999
4 100 3 3
4 999999999 3 1
100 4 3 3
999999999 100 999999998 3
999999999 999999999 470395372 2
598618548 1000000000 1 2
4 100 3 2
3 999999999 1 1
1000000000 1000000000 3 2
3 100 1 2
100 100 2 1
3 440178503 1 1
3 190048202 1 3
1000000000 1000000000 301408972 2
427727826 1000000000 3 1
3 100 2 99
1000000000 999999999 2 999999998
100 999999999 72 3
4 999999999 2 999999998
4 2 2 1
4 100 1 2
999999999 3 1 2
100 3 2 2
3 1000000000 1 197472206
4 100 2 3
3 4 1 1
1000000000 2 2 1
1000000000 3 3 1
4 999999999 1 3
4 1000000000 3 1
3 1000000000 1 999999999
699118378 100 371255050 53
1000000000 1000000000 245797795 1
999999999 1000000000 1 2
999999999 999999999 2 2
999999999 999999999 3 3
2 243229745 1 59406209
4 100 1 99
3 100 2 2
100 999999999 5 3
1000000000 634373833 687984129 3
3 1000000000 2 999999999
1000000000 1000000000 3 3
2 100 1 99
216458893 858261817 2 730048733
2 736436882 1 1
1000000000 100 999999999 3
377173489 999999999 3 1
2 999999999 1 3
312920545 1000000000 309279031 2
100 397986566 65 2
1000000000 999999999 1 999999998
4 100 3 99
4 2 1 1
1000000000 3 999999999 1
100 1000000000 99 3
4 1000000000 2 999999999
100 999999999 2 1
999999999 3 3 2
1000000000 4 2 1
1000000000 4 606716047 3
4 999999999 3 3
1000000000 4 1 2
1000000000 4 999999999 3
999999999 999999999 999999998 999999998
1000000000 2 592728920 1
100 4 2 2
999999999 100 3 99
713458743 999999999 1 232415301
1000000000 1000000000 999999999 3
1000000000 4 1 3
999999999 4 1 2
100 2 99 1
4 3 1 1
1000000000 2 1 1
4 4 1 2
4 3 1 2
999999999 3 2 1
475576299 79599546 62711377 1
1000000000 4 1 1
999999999 1000000000 1 3
3 1000000000 2 2
999999999 999999999 13776769 2
3 750409238 1 2
4 1000000000 3 2
3 49194494 2 1
100 999999999 2 217038469
100 1000000000 1 999999999
142421367 2 48241495 1
999999999 100 999999998 99
2 251894516 1 3
3 1000000000 2 1
992439437 2 2 1
100 999999999 2 3
1000000000 1000000000 999999999 999999999
135818523 100 127108945 1
2 100 1 66
999999999 388726895 726514352 2
3 999999999 2 3
945684593 999999999 725490874 3
474573491 100 2 2
2 999999999 1 1
1000000000 999999999 2 756841576
543383962 764857696 2 41522173
3 4 1 2
100 100 2 99
999999999 999999999 999999998 3
1000000000 100 3 32
1000000000 723284552 647366837 1
4 999999999 2 471976874
4 314723735 2 2
999999999 999999999 3 2
1000000000 100 3 1
4 3 2 2
606735969 100 574575067 9
1000000000 999999999 999999999 999999998
999999999 4 1 3
2 1000000000 1 3
100 100 99 99
4 1000000000 2 1
999999999 1000000000 2 724564983
3 3 2 2
999999999 4 627313199 3
351511977 1000000000 3 1
999999999 100 2 3
4 100 2 1
999999999 100 2 2
100 1000000000 2 999999999
100 1000000000 14 1
3 525092475 2 3
1000000000 999999999 2 2
1000000000 100 968047634 19
4 999999999 1 344277279
2 4 1 3
1000000000 3 3 2
100 999999999 3 1
100 999999999 1 2
1000000000 4 998306795 2
400638252 4 3 2
452792670 1000000000 2 115192647
100 100 3 3
999999999 999999999 2 1
100 999999999 3 3
1000000000 999999999 3 2
4 100 2 31
100 4 99 3
999999999 999999999 999999998 1
1000000000 1000000000 999999999 1
163592637 549432548 2 110629430
100 4 3 1
241065083 1000000000 1 1
2 590064564 1 410727603
19089712 3 3 1
100 102245557 1 1
3 2 1 1
1000000000 743670139 3 3
999999999 1000000000 999999998 999999999
999999999 4 3 2
999999999 100 1 92
999999999 3 999999998 1
999999999 999999999 1 3
1000000000 2 999999999 1
100 3 1 2
4 100 1 1
100 1000000000 1 2
1000000000 1000000000 2 999999999
1000000000 999999999 1 3
4 783105139 2 2
1000000000 1000000000 1 2
4 1000000000 1 1
999999999 2 3 1
100 4 2 1
1000000000 748176992 2 3
377279890 1000000000 2 469488179
100 100 99 3
1000000000 1000000000 999999999 2
1000000000 100 3 3
630783940 100 3 2
999999999 999999999 999999998 2
3 4 1 3
100 4 3 2
2 100 1 3
999999999 4 618409559 1
1000000000 100 999999999 99
2 1000000000 1 999999999
365482087 971250614 97597 28576180
999999999 306100163 2 1
109588419 516866303 95880941 3
588175668 2 2 1
2 4 1 2
100 2 9 1
100 999999999 2 999999998
1000000000 3 1 1
3 3 1 1
100 2 3 1
100 100 2 80
1000000000 999999999 3 999999998
3 999999999 2 217585714
1000000000 100 1 2
4 4 2 3
4 100 2 99
1000000000 84082569 375561153 2
999999999 4 888595089 3
160776118 100 1 1
3 999999999 2 478452455
990898699 2 1 1
100 1000000000 3 999999999
4 100 2 2
1000000000 3 2 2
999999999 1000000000 3 3
100 1000000000 2 3
515006471 3 3 2
100 3 99 1
900930753 3 3 1
999999999 100 3 1
3 565428755 1 2
3 348674172 2 208198940
999999999 999999999 3 361042743
999999999 100 1 99
100 3 3 2
632200338 3 1 2
576202195 4 1 2
201238540 100 49757290 14
999999999 3 999999998 2
999999999 3 3 1
100 916630865 1 2
999999999 4 2 2
999999999 100 999999998 2
999999999 100 2 11
999999999 1000000000 488516079 1
1000000000 1000000000 1 1
4 142306207 2 3
4 999999999 2 2
1000000000 100 3 62
1000000000 100 1 3
100 100 1 2
1000000000 1000000000 2 2
2 3 1 1
1000000000 999999999 999999999 1
999999999 1000000000 1 999999999
632902334 4 3 3
100 4 1 1
999999999 999999999 3 1
4 4 3 1
999999999 999999999 1 713021361
880984255 1000000000 1 3
826551905 100 1 49
3 387806766 2 3
999999999 1000000000 2 1
3 332461468 2 3
100 2 22 1
100 2 1 1
2 100 1 1
100 100 1 99
999999999 1000000000 3 233117279
999999999 734992451 64730372 1
3 131597407 2 130390896
3 100 2 3
999999999 999999999 1 1
1000000000 4 999999999 1
4 100 1 40
999999999 100 1 1
1000000000 100 99694839 3
1000000000 100 2 27
1000000000 999999999 313743023 2
2 1000000000 1 2
999999999 4 3 1
100 100 2 3
977912389 734778827 532290378 1
66434218 3 2 2
999999999 4 999999998 3
