1 : [1],
3 : [169, 196, 961],
5 : [16384, 31684, 36481, 38416, 43681],
7 : [1046529, 1695204, 1946025, 4052169, 5294601, 6215049, 9641025],
8 : [10582009, 19802500, 25090081, 25908100, 80910025, 81090025, 81902500, 95082001],
9 : [100160064, 101606400, 116640000, 166410000, 400160016, 401601600, 416160000, 610040601, 661004100],
10 : [1004509636, 1593606400, 3640915600, 4615300096, 5610309604, 5663014009, 6054396100, 6165390400, 6350496100, 6360541009],
11 : [10001600064, 10016006400, 10160640000, 11664000000, 16641000000, 40001600016, 40016001600, 40160160000, 41616000000, 61004060100, 66100410000],
12 : [100005840169, 104006895001, 104816005009, 104950081600, 105410608900, 415896010000, 418091560000, 500409100816, 580491610000, 609508104100, 611054890000, 804591060100],
13 : [1000016000064, 1000160006400, 1001600640000, 1016064000000, 1166400000000, 1664100000000, 4000016000016, 4000160001600, 4001600160000, 4016016000000, 4161600000000, 6100406010000, 6610041000000],
14 : [10000027447524, 10004050274724, 17524270440000, 20774452410000, 21527744040000, 40024475720100, 40025007147024, 42051074702400, 42240770504100, 42710407502400, 44270007052041, 70040127524004, 70457020001424, 70524724410000]
