From: (10 0)
	(15 5)
From: (15 5)
	(10 0)
	(22.5 12.5)
From: (22.5 12.5)
	(15 5)
	(30 20)
From: (30 20)
	(22.5 12.5)
	(40 30)
From: (40 30)
	(30 20)
-------------

From: (5 5)
	(30 5)
From: (10 0)
	(15 5)
From: (15 5)
	(10 0)
	(22.5 12.5)
From: (15 20)
	(30 5)
From: (22.5 12.5)
	(15 5)
	(30 20)
From: (30 0)
	(30 5)
	(30 10)
From: (30 5)
	(5 5)
	(15 20)
	(30 0)
	(30 10)
	(35 0)
	(35 5)
From: (30 10)
	(30 0)
	(30 5)
	(35 10)
From: (30 15)
	(30 30)
	(35 15)
From: (30 20)
	(22.5 12.5)
	(40 30)
From: (30 30)
	(30 15)
From: (35 0)
	(30 5)
From: (35 5)
	(30 5)
From: (35 10)
	(30 10)
	(35 15)
From: (35 15)
	(30 15)
	(35 10)
From: (40 30)
	(30 20)
